# Fix print output for fix myRG2file
2100000 59.7131976333245
2110000 59.2994374554267
2120000 58.8949837010361
2130000 59.9535750904134
2140000 60.2880286872675
2150000 60.4313322313552
2160000 59.7751559927327
2170000 60.337198161249
2180000 60.3910134767375
2190000 60.4715645155038
2200000 60.3459460421589
2210000 61.4843095157026
2220000 60.4652690226158
2230000 60.5510777015742
2240000 60.9071856407993
2250000 61.1725691309735
2260000 60.5671177536777
2270000 59.9130354491312
2280000 61.0556919439753
2290000 61.430104404337
2300000 61.467870296211
2310000 60.7326064081829
2320000 60.4889677914057
2330000 60.4933488282479
2340000 59.9491194557317
2350000 60.0752537909621
2360000 60.0542277629883
2370000 59.937853488037
2380000 60.0775881986538
2390000 60.1210841724596
2400000 60.7650135770382
2410000 61.1387419103739
2420000 61.5867413242854
2430000 61.0548197032584
2440000 61.4629574706029
2450000 62.3369155222471
2460000 62.2371319514045
2470000 62.7485601332007
2480000 62.0925124835955
2490000 62.5783567120921
2500000 62.7258997119168
2510000 62.1481214016199
2520000 63.4218198560928
2530000 63.3179404496148
2540000 63.7295921360526
2550000 64.0218655020473
2560000 65.3417740168046
2570000 64.8417744320431
2580000 66.0440158261656
2590000 65.3936232393374
2600000 64.8274801331608
