# Fix print output for fix myRG2file
2360000 60.9603542067619
2370000 59.9912866453102
2380000 60.1298445456778
2390000 59.4744722017507
2400000 60.1583251924037
2410000 60.6651474014885
2420000 61.2595373596394
2430000 62.1874924828494
2440000 62.3619836674593
2450000 62.5194483834157
2460000 63.7124990060868
2470000 64.5410190593633
2480000 63.6447673045228
2490000 63.4969396366291
2500000 63.0935630447963
2510000 63.0368630164698
2520000 63.2279353269139
2530000 63.5749454813692
2540000 63.4071216329436
2550000 63.8207316983945
2560000 64.1745852134423
2570000 64.2280524673044
2580000 64.6809364748476
2590000 64.456292174182
2600000 63.6560030487068
2610000 63.4416522180629
2620000 63.4118251750961
2630000 63.1079833198613
2640000 63.0824963194503
2650000 62.3745637991798
2660000 62.5327535164227
2670000 62.6738634582529
2680000 63.2468603307271
2690000 62.9287343983503
2700000 62.1133620228532
2710000 62.3948215122252
2720000 63.0872201997112
2730000 63.5438060786384
2740000 63.6458926671542
2750000 63.7260874613477
2760000 64.6779892157324
2770000 64.2137093680604
2780000 64.1488323482596
2790000 65.107628211222
2800000 65.2221319617582
2810000 65.0609587720197
2820000 64.9737119597524
2830000 65.2655519090834
2840000 64.7979958544832
2850000 65.2739338429336
2860000 65.5878955003941
