# Fix print output for fix myRG2file
1070000 53.7899486806373
1080000 53.2983056740158
1090000 53.3788820630772
1100000 55.5784805692949
1110000 55.5712471364594
1120000 55.4763006634953
1130000 54.9247227406782
1140000 55.2216605976613
1150000 54.3922760398832
1160000 55.1053811833481
1170000 54.8592068331028
1180000 54.9159210024918
1190000 55.697001107471
1200000 56.0953294177325
1210000 56.5850890856442
1220000 56.9078798471605
1230000 56.5820411639767
1240000 57.1586280170921
1250000 57.2057482514529
1260000 56.622366509093
1270000 56.7076664478783
1280000 57.0142088952759
1290000 56.7621180497649
1300000 57.3232124626684
1310000 55.946821266486
1320000 55.030843196693
