# Fix print output for fix mythermofile
1040000 0.993705966341237 0.0270883807182273
1050000 0.935738158812514 0.00878808379240012
1060000 1.04235842570838 0.00927513002715042
1070000 0.971080305623245 0.0166306480720215
1080000 0.989287213361547 0.00912070862606017
1090000 0.997842877260587 0.0295538599008663
1100000 1.00569128287914 0.0150609263013818
1110000 1.01065164771668 0.0178512464393435
1120000 0.945761854595439 0.0158146534502441
1130000 1.00263030913412 0.014192134012503
1140000 1.01526181868456 0.0165134131947572
1150000 0.991531895865719 0.0104028235521783
1160000 1.03047986165888 0.00736392295429493
1170000 0.95572828845776 0.0212325515607407
1180000 0.965781971503351 0.016409520977042
1190000 0.9750636603351 0.0227526280375951
1200000 0.99970771446178 0.0139633477649148
1210000 0.997907030389151 0.0261616791315087
1220000 1.00508825389358 0.0158926216257287
1230000 1.06602458768975 0.0161539239725857
1240000 1.04277389290663 0.00979673958851655
1250000 0.992731444787764 0.0114509323630442
1260000 1.03672408136275 0.0151259976477222
1270000 0.968371760152866 0.0137880908135004
1280000 1.10480596399129 0.0203056555250595
1290000 0.973105921583955 0.00906949927650419
1300000 0.988963610708013 0.0157061787477956
1310000 1.05060951611421 0.0184739625440984
1320000 0.999091973023361 0.0135585714301266
1330000 1.03125483859634 0.0108229696196298
1340000 0.98593995789713 0.0126086679864292
1350000 0.977459209182189 0.0108540210936428
1360000 1.03047348108064 0.0211706880506981
1370000 0.97964964856466 0.0231239542993288
1380000 1.00381990743452 0.0194344487274917
1390000 0.953839490835023 0.015390459751839
1400000 1.01102371361181 0.0160082189670164
1410000 1.03646211982287 0.00730565202737245
1420000 1.07336936581911 0.00838816595620564
1430000 1.00958278126885 0.0153643180826423
1440000 1.00248295012883 0.0176105893425087
1450000 0.98399776033901 0.020500763999772
1460000 0.978243390074538 0.0198645564431782
1470000 1.05741330867807 0.0190291582181873
1480000 0.96782122818074 0.0176067353214787
1490000 1.00144192091432 0.0111450083737758
1500000 0.988858955065285 0.00783879395596966
1510000 1.00477422016718 0.0103260882774255
1520000 0.986616214670257 0.0141747105611275
1530000 1.00963018660821 0.0151973084244305
1540000 1.01648199426178 0.0138158960564778
