# Fix print output for fix mythermofile
550000 0.989398911606324 0.0094706603367726
560000 1.00801716138337 0.0169292781449102
570000 0.993564137832058 0.00643272597969664
580000 1.00891524111584 0.0141432533985844
590000 0.971142764295355 0.00554598173059171
600000 1.02594107725157 0.0112387361784559
610000 1.03816489387605 0.0147072176142692
620000 0.987455739062415 0.0123006760190963
630000 1.00011450306247 0.0115911742911342
640000 1.00952575708433 0.0113350634439962
650000 1.02246674008177 0.00887117994808115
660000 1.00501268633095 0.0146589082254798
670000 1.04174798440356 0.0116465336228852
680000 1.03855277261114 0.0196933597616512
690000 0.99981256445705 0.00675614121029278
700000 1.01902097792862 0.00404736130170611
710000 0.921780752956376 0.00664505894229034
720000 0.965885929724917 0.0147200732854313
730000 1.04670435108442 0.0220066519372931
740000 0.993142851404997 0.00477013449767104
750000 0.982537043613115 0.00580381516774806
760000 1.01883410735311 0.00720856790358462
770000 1.00189251227772 0.00551779845158541
780000 0.952906339372195 0.00895776213736788
790000 0.988592071528738 0.00161120731223464
800000 0.954957407698779 0.0110999328529334
