# Fix print output for fix mythermofile
2110000 0.977802955390008 0
2120000 1.00573927712295 0
2130000 1.01657552709276 0
2140000 0.968397398843695 0
2150000 0.937478423055211 0
2160000 0.990935775391453 0
2170000 1.03360475829473 0
2180000 0.986191918106395 0
2190000 0.996380817625983 0
2200000 1.02526934399835 0
2210000 0.924032741519261 0
2220000 1.01133274477114 0
2230000 1.01152014045363 0
2240000 0.976913507467801 0
2250000 1.0126059200326 0
2260000 0.97133831489396 0
2270000 0.994798605221769 0
2280000 0.973491578132669 0
2290000 0.942515570183696 0
2300000 0.976798999024578 0
2310000 0.976382577586435 0
2320000 1.05874598511074 0
2330000 0.993610052413035 0
2340000 1.00024172439165 0
2350000 1.05119425651173 0
2360000 1.02412368195153 0
