# Fix print output for fix mythermofile
1590000 1.00577391132658 0
1600000 1.00253322628653 0
1610000 0.983712274469171 0
1620000 1.00006229677426 0
1630000 1.02179006533382 0
1640000 1.01907825945042 0
1650000 0.946313709479594 0
1660000 0.962814269971433 0
1670000 0.970830675959477 0
1680000 0.985582178590822 0
1690000 0.958056614039015 0
1700000 0.998071853187319 0
1710000 0.923160273504758 0
1720000 0.986110382168552 0
1730000 1.04687368509346 0
1740000 0.97426121071791 0
1750000 1.04047919709923 0
1760000 0.964858396612829 0
1770000 1.00335091184656 0
1780000 1.01136595375522 0
1790000 1.00197021161619 0
1800000 1.00077388749966 0
1810000 1.01783643676063 0
1820000 0.968181503726852 0
1830000 1.01332320577069 0
1840000 0.917901145797983 0
