# Fix print output for fix mythermofile
1850000 1.03862082717316 0
1860000 0.981151647441829 0
1870000 0.987329143440241 0
1880000 1.00168925490311 0
1890000 1.02898310333828 0
1900000 0.987862532319451 0
1910000 1.02761829890078 0
1920000 1.03380586259703 0
1930000 1.00038333057704 0
1940000 0.9790087935272 0
1950000 1.00839790729724 0
1960000 0.976754789814826 0
1970000 1.07184945030734 0
1980000 0.995759762826986 0
1990000 0.946663325062764 0
2000000 0.989745376613048 0
2010000 1.01313334654545 0
2020000 0.999885298623932 0
2030000 1.03581371583454 0
2040000 0.99483082372153 0
2050000 0.987272178626175 0
2060000 1.01997693113718 0
2070000 0.996447067200085 0
2080000 1.02819640436832 0
2090000 1.0280480847864 0
2100000 1.01804651384007 0
