# Fix print output for fix mythermofile
780000 1.05988821659184 0.0214143693730252
790000 1.02503248467146 0.0218949882668625
800000 0.996790957644581 0.00887680041027244
810000 1.00771886818979 0.0111904198020538
820000 0.983848678239858 0.0129571042174415
830000 0.997839567199371 0.0310389567113505
840000 1.02957202070542 0.0178657375763556
850000 1.01176197677506 0.0116662272807796
860000 0.963525217939739 0.0141760581284306
870000 1.03518285050239 0.0199622792904053
880000 0.994516310851804 0.0209398475489037
890000 1.010551410077 0.0200790450270024
900000 1.02428371562493 0.0262109343694716
910000 0.946342691430239 0.0244623311991922
920000 0.988582030901267 0.0185347097532457
930000 0.970330449571403 0.0094910734144243
940000 0.987348406810764 0.0200448748331819
950000 1.0694131924969 0.0229470038515629
960000 1.0074312705119 0.0191681618239553
970000 0.963821782559105 0.0147414475907603
980000 1.00297759854272 0.0151078260978134
990000 1.04571717449903 0.0262958937652594
1000000 1.00182929432006 0.0121008035805265
1010000 0.999522512486683 0.0174332560395839
1020000 0.937527669066908 0.0325120325738562
1030000 1.02272702101732 0.0134252877169566
1040000 1.00729205986454 0.0123231256851585
1050000 1.00960105675152 0.0241551608675996
1060000 1.0795824489231 0.0267868988733027
1070000 1.05581838962024 0.0199905120466237
1080000 0.995840818861596 0.012390709394092
1090000 0.98800065264614 0.0183203654554793
1100000 1.00007481030199 0.0212283893224226
1110000 1.01217058719228 0.0113286295924907
1120000 0.885690759436278 0.009669385738011
1130000 0.96486159920618 0.0386066168474218
1140000 1.02347910105437 0.0163480007134112
1150000 1.01208617568369 0.013462844675579
1160000 0.977110608051644 0.0143348222520845
1170000 0.988082970117414 0.0117836743879645
1180000 0.994113990307708 0.0115873528190592
1190000 0.989435741657209 0.0126471656205004
1200000 0.974902619020678 0.0244019380506481
1210000 0.993534210616008 0.0175124199635622
1220000 0.988058098957618 0.0129532041931153
1230000 1.02561159212625 0.00861882585948319
1240000 0.956890404139473 0.0212350980464465
1250000 1.01377251423121 0.0188815346164359
1260000 1.03155561067985 0.0187230040296751
1270000 1.02011917600075 0.0199739803104441
1280000 1.02153320280898 0.0222287625910184
