# Fix print output for fix myRG2file
1320000 12.5671601598893
1330000 11.9447081303405
1340000 11.4993786898222
1350000 9.74361728147465
1360000 10.4984919936797
1370000 11.3599135145857
1380000 11.5713941485601
1390000 10.5614136917841
1400000 9.03779283303462
1410000 10.6681431017603
1420000 9.86521528257565
1430000 9.23111406939605
1440000 10.1428941152776
1450000 9.45052980044753
1460000 9.58247903738883
1470000 10.0099948967017
1480000 8.45749471132226
1490000 9.28008372880465
1500000 9.13101255725615
1510000 9.4428447082401
1520000 8.68914951117781
1530000 9.33950791125368
1540000 10.0993440566953
1550000 10.3732897143585
1560000 9.37082558563507
1570000 9.74784678000322
1580000 9.44484643191408
1590000 9.87610293482831
1600000 8.81074366227146
1610000 9.67344275356264
1620000 9.02861344414902
1630000 9.40956904975363
1640000 9.52202606413189
1650000 8.64031662174966
1660000 10.1043601203416
1670000 8.36139926438191
1680000 10.2141840345655
1690000 10.2909333422788
1700000 10.8136758759648
1710000 9.52243331634099
1720000 11.3233364786174
1730000 11.8573552201022
1740000 9.95587698669748
1750000 10.3538057013156
1760000 12.5686800108967
1770000 12.1418452465087
1780000 12.8642205318699
1790000 14.8357035565252
1800000 13.7554733887866
1810000 12.2874905949212
1820000 13.3363016199722
