# Fix print output for fix myRG2file
2080000 12.8912997388505
2090000 14.0817554619543
2100000 13.7969463923239
2110000 15.0484873264095
2120000 12.0905225653688
2130000 11.5383738750018
2140000 10.3871362385274
2150000 10.7097309177352
2160000 10.625067292667
2170000 10.8414019730687
2180000 11.8608856568371
2190000 11.49027060547
2200000 12.0973294349001
2210000 11.7064842848918
2220000 11.7898301574479
2230000 9.7219901964849
2240000 9.47520194879635
2250000 9.94559291855792
2260000 9.85490348304518
2270000 10.3388849757916
2280000 10.1876611412954
2290000 11.7442473398501
2300000 11.0712422433485
2310000 10.4515686953512
2320000 10.4528847314536
2330000 10.4497233832017
2340000 10.5032806102562
2350000 11.7128689249557
2360000 11.2277232872736
2370000 12.3779226516906
2380000 13.5582873971743
2390000 13.3466774715743
2400000 12.7758265329216
2410000 14.2375103542078
2420000 14.0959922489957
2430000 14.3748849729014
2440000 14.9995737726212
2450000 15.8455911886761
2460000 16.0041351923791
2470000 16.5687494068589
2480000 18.1043689443359
2490000 18.7666707672694
2500000 19.0862546372264
2510000 17.510969397785
2520000 16.81476705281
2530000 14.7585904724
2540000 14.0136335417944
2550000 15.3020411271421
2560000 15.6610157912867
2570000 14.7156375111335
2580000 14.3142371070517
