# Fix print output for fix myRG2file
2600000 14.809501571871
2610000 15.0192523085156
2620000 16.7058288239827
2630000 17.4798380706625
2640000 17.8667024988282
2650000 17.5205952292177
2660000 16.6254121915593
2670000 15.5622072260025
2680000 15.8843789526884
2690000 16.085254270955
2700000 16.1607156449876
2710000 16.2548378858743
2720000 15.5268305740801
2730000 17.0591433613766
2740000 18.0387265754175
2750000 18.2472796243609
2760000 18.3639924992558
2770000 18.0171403773433
2780000 17.619512449698
2790000 17.7308180541143
2800000 18.5543786741371
2810000 19.0837732822655
2820000 19.6010142027043
2830000 18.1944949134079
2840000 18.1782081878577
2850000 18.403523477999
2860000 19.012473030769
2870000 19.4470507330933
2880000 19.3622530785974
2890000 19.6292436169397
2900000 19.6222819991998
2910000 20.0682592047731
2920000 20.0988262332135
2930000 20.3538627968726
2940000 19.7123419192173
2950000 19.9081313186538
2960000 19.1207183945573
2970000 19.1007167498295
2980000 17.8808639872448
2990000 17.0384226357771
3000000 17.1775563488152
3010000 17.0262207240469
3020000 17.8503987154752
3030000 17.8599056041548
3040000 18.3370962933124
3050000 19.4918637716877
3060000 18.5431723201491
3070000 18.7172359088522
3080000 19.0700966915715
3090000 19.0795971332361
3100000 19.4176984517987
