# Fix print output for fix myRG2file
1300000 9.73691105198091
1310000 10.5534447050047
1320000 10.0957040124685
1330000 9.1622598297277
1340000 9.09323894018667
1350000 10.0793665611116
1360000 8.90135672320244
1370000 7.75463793070099
1380000 8.51972193233874
1390000 9.21847691970762
1400000 10.271460514356
1410000 9.48781146511672
1420000 10.2775766936733
1430000 11.9338001219716
1440000 11.8210047632054
1450000 12.7141052996144
1460000 13.3466813288092
1470000 13.7195034459786
1480000 14.4553197585366
1490000 13.4867334558767
1500000 10.6395197352721
1510000 9.81341009418706
1520000 9.65388992546577
1530000 8.88643734556251
1540000 7.49255789488759
1550000 8.23525921385079
1560000 7.34890261770881
1570000 8.38429186447173
1580000 8.10572394122352
1590000 8.67649410976783
1600000 7.70838608083979
1610000 7.13275415011278
1620000 7.45707455294885
1630000 7.70601153266836
1640000 8.0564024583768
1650000 10.6257251825788
1660000 9.9968345579629
1670000 9.18926235470565
1680000 9.49489966536299
1690000 10.2042100894496
1700000 9.27427098298629
1710000 8.35962039906717
1720000 8.23614833956639
1730000 7.18230145584859
1740000 6.49908501945942
1750000 7.34104567267192
1760000 7.71771973265549
1770000 7.65287031108067
1780000 8.67409095812549
1790000 7.29690948569163
1800000 6.28313979737162
