# Fix print output for fix mythermofile
1850000 0.999198725312817 0
1860000 0.988523099519371 0
1870000 1.09990579587319 0
1880000 1.00990294065804 0
1890000 1.04030015057347 0
1900000 0.960112949452593 0
1910000 1.11275511623484 0
1920000 0.97738058383422 0
1930000 1.1536991385163 0
1940000 0.953400232256472 0
1950000 0.930470922049418 0
1960000 0.939792675144661 0
1970000 1.10909058754157 0
1980000 0.907913275399862 0
1990000 0.94515262956206 0
2000000 1.04892244803013 0
2010000 0.995688008646373 0
2020000 0.848487926618314 0
2030000 1.07349939632969 0
2040000 1.03774592423822 0
2050000 1.0292092540083 0
2060000 0.96490512230596 0
2070000 1.01491975874741 0
2080000 1.07212311423377 0
2090000 1.05977751920639 0
2100000 0.968972913803532 0
