# Fix print output for fix mythermofile
1040000 1.06900141515848 0.0049480418189336
1050000 1.2599951676155 0.00691184983360032
1060000 1.05765139370937 0.00499596202644311
1070000 0.976120414742844 0.038769921826482
1080000 0.926577901503979 0.0238420164428322
1090000 1.00655697337856 0.0347033813435342
1100000 1.01484268849028 0.00567162654390204
1110000 1.02816052504959 0.0414899170434394
1120000 1.05130490651055 0.0320867075336697
1130000 0.972015864909541 0.0102708974845663
1140000 0.939753322409672 0.0457433213226272
1150000 1.03759437506747 0.0425847506322593
1160000 0.971675802756296 0.00402180099489721
1170000 0.982543492320143 0.0426267009996046
1180000 0.983363427214775 0.00012944325782148
1190000 1.07788636234585 0.00144310412770062
1200000 0.862174764734255 0.00462828293673631
1210000 1.04541690195018 0.0156295698289449
1220000 1.04767736708228 0.0136791149802092
1230000 0.989136472473109 0.0137962833223013
1240000 1.13854747985192 0.0166778213333671
1250000 1.01866571257428 0.0330279525127084
1260000 0.924001011917981 0.0365171725509941
1270000 0.925815968704461 0.0322781005733191
1280000 1.06601531370699 0.0289826153143869
1290000 1.00173788411806 0.0142226872927262
1300000 1.03579340577025 0.0236489069024745
1310000 0.954453833150557 0.00450262366952492
1320000 0.951623822834835 0.0114250168580458
1330000 0.95682323474463 0.00203032381266683
1340000 0.965368210858122 0.0177004507577905
1350000 1.04512362802246 0.0182291030022676
1360000 1.10734082651031 0.00278203765222652
1370000 1.0958222534686 0.00356837424233322
1380000 0.859832739994465 0.00786839588238932
1390000 0.956024264653295 0.00311165602350829
1400000 0.909037419708162 0.0196923007066464
1410000 1.0268498103674 0.00656458104952375
1420000 1.14223558157541 0.00435104077772259
1430000 1.07611298100642 0.00580078727114508
1440000 0.919493873813607 0.0132046826505495
1450000 1.11000356786369 0.0295048260769754
1460000 0.922389861066195 0.020747647712531
1470000 1.22852595243459 0.0251434195881832
1480000 1.03315214908649 0.0244511886432389
1490000 1.03208172760602 0.0314101602714399
1500000 1.15380864011193 0.0182954785664365
1510000 0.989045096379285 0.0174361123402052
1520000 0.885904049595245 0.0435235153635924
1530000 0.960546022238471 0.0173511581421354
1540000 0.995841095839901 0.0151930655021943
