# Fix print output for fix mythermofile
1330000 1.06931826035209 0
1340000 1.05797172241897 0
1350000 0.970714335711714 0
1360000 0.902053164842692 0
1370000 0.863657002846073 0
1380000 1.00285992245896 0
1390000 1.03713757964787 0
1400000 0.981513786336232 0
1410000 1.02262029787837 0
1420000 1.05207590462509 0
1430000 1.00596334169203 0
1440000 1.10639731779603 0
1450000 1.01899309170231 0
1460000 0.914110006610047 0
1470000 1.05805174689192 0
1480000 0.877425303746643 0
1490000 1.00514966943604 0
1500000 1.06364552619517 0
1510000 0.961353681821365 0
1520000 1.07932353887186 0
1530000 0.985504415501218 0
1540000 1.11365517445909 0
1550000 1.01972646176769 0
1560000 0.973366801542445 0
1570000 1.1337002167674 0
1580000 1.05912396209096 0
