# Fix print output for fix mythermofile
2370000 1.01092656318837 0
2380000 1.00588223000717 0
2390000 0.920684726793957 0
2400000 1.01522572216833 0
2410000 1.20177678461817 0
2420000 1.00500430056249 0
2430000 1.21586673624184 0
2440000 1.06115973485238 0
2450000 0.884678039038317 0
2460000 1.18730308151692 0
2470000 0.891894627594282 0
2480000 1.00505790700063 0
2490000 0.996446296861314 0
2500000 1.03661396069829 0
2510000 1.13222271862015 0
2520000 0.914203941334316 0
2530000 0.891695433829143 0
2540000 0.979649075503495 0
2550000 1.08771475650976 0
2560000 1.08495568943681 0
2570000 0.945918304784985 0
2580000 1.05878119959509 0
2590000 0.955348425514789 0
2600000 0.933319421960739 0
2610000 1.04746023406992 0
2620000 0.984471406348948 0
