# Fix print output for fix mythermofile
1070000 0.989773077103573 0
1080000 1.12547904570916 0
1090000 1.09508455103889 0
1100000 1.01160823013206 0
1110000 0.971433090572862 0
1120000 1.11504774450448 0
1130000 1.08308033846982 0
1140000 1.05704122639689 0
1150000 1.01318014986152 0
1160000 1.02893000394625 0.00864130503190186
1170000 1.04846112079162 0
1180000 0.939250364399213 0
1190000 1.09984893660981 9.38168697786164e-05
1200000 0.91452891907825 0
1210000 1.05223726298936 0
1220000 1.08645700644146 0
1230000 1.10869957341879 0
1240000 1.00182641255445 0
1250000 1.00773872405245 0
1260000 0.914751475725455 0
1270000 1.02961182818152 0
1280000 1.01609158089559 0
1290000 0.947745030458919 0
1300000 0.987579841893145 0
1310000 0.890218987030196 0
1320000 0.92103340220624 0.00044863001846359
