# Fix print output for fix mythermofile
1060000 1.11393416961566 0.00244978880247069
1070000 0.945757702876477 0.00176898388293052
1080000 0.989747476145235 0.000522350795905662
1090000 1.04558111999497 1.71387715549708e-06
1100000 0.94721831071047 0
1110000 1.02667219516698 0.00153824891248935
1120000 1.07410658795613 0.00163783017252687
1130000 0.960908816675725 0.00893967907733578
1140000 1.06466470965744 1.02125214471692e-07
1150000 0.863197296392126 0.00162150544558124
1160000 1.06576632896708 0.00106205101111734
1170000 1.05163681430769 0.00242192226442106
1180000 0.983447569114633 0.00130681100852384
1190000 0.936878999495018 0.0600972724707378
1200000 1.09920555092682 0.000237152810145533
1210000 0.997807430942399 0.00976412779415905
1220000 0.94638782726987 0.00045154626590043
1230000 1.03012878300764 0.0049993039093936
1240000 1.0015240428116 0.00784907847256678
1250000 0.90581499952719 0.0002118395973901
1260000 0.986003182281164 0.00319096012259946
1270000 0.918892271877236 0.000754557429720836
1280000 1.01821805842896 3.61966407334303e-07
1290000 0.994627668310803 0.00471378649199189
1300000 1.12558818260563 0.00380697681337682
1310000 0.95534025288903 0.00555942479565844
1320000 1.10091838298431 0.0150964353236844
1330000 1.0824091813395 0.00158836675136739
1340000 1.09623802083737 0.012365291392699
1350000 1.0058099512386 0
1360000 0.977506305596173 0.000143083718760665
1370000 1.03250257845973 0.00773866552359336
1380000 1.00186584314288 0.0119341559656068
1390000 1.04509356865784 0.00459959029556505
1400000 1.00971310200307 0.0230716831309882
1410000 0.849511422240991 0
1420000 0.906055183583618 0.00508821895106674
1430000 1.04659700050185 0.00396438437054891
1440000 0.893679473357789 0.000432511541097346
1450000 1.00198562361535 0.0195190955702589
1460000 0.981640510370146 0.0037319267879506
1470000 1.00582078865035 0.000570640334303676
1480000 0.983959113951724 0.00695939763954166
1490000 1.05963721898311 0.0159649464631976
1500000 1.08393207302779 0.00437939634098188
1510000 1.11166377459381 0
1520000 1.00133695649615 0.00356380658597667
1530000 1.06206448165304 0.0640570103451274
1540000 0.996880161019993 0
1550000 0.988748163674369 0
1560000 0.963011822763736 0.000372990769761722
