# Fix print output for fix mythermofile
800000 0.960442228418399 0.0105293749209163
810000 0.911949044704511 0.00990290347924194
820000 0.966721192046754 0.00671448463882198
830000 1.13246236857011 0.00336592628654812
840000 0.978330996458028 0.00255676454473214
850000 0.973390944969354 0.00679567386016017
860000 0.9640433547793 0.0147444881023898
870000 0.895875979089009 0.00498142378005333
880000 0.977899844469115 0.0220191335241246
890000 1.13106967689556 0.0184047088204419
900000 1.0562008698897 0.00892126851969776
910000 0.997860812647145 0.00507212543193137
920000 1.05907878555119 0.00559085197989038
930000 1.01621156047374 0.00812499142826353
940000 0.964184217800552 0.0172662874000398
950000 1.12808994328083 0.000385162351887586
960000 1.00623209586108 0.0096891586641461
970000 0.949122632093755 0.0376840159897661
980000 1.04884722848691 0.0144919150846327
990000 1.05277463722967 0.0203693458682204
1000000 0.959763752348566 0.0171459495872736
1010000 0.898205076515639 0.0023607914509569
1020000 1.09179265436233 0.00264685154249347
1030000 1.0840423015375 0.00462434965726099
1040000 1.00455474190148 0.00105438725530167
1050000 0.917951120386276 0.0123168452523461
1060000 0.895970399992123 0.00497366169897361
1070000 1.03366400578662 0.000384114750846448
1080000 1.07376250736915 0.0261111606840741
1090000 1.21246399693406 0.0300383029333771
1100000 0.929613995978664 0.0067289601781377
1110000 0.933018210656891 0.0038860933419092
1120000 1.02062184933993 0
1130000 1.00305379510565 0.000766789551134936
1140000 1.02461962721212 0.0039076336143242
1150000 1.07849701557652 0.00100447888738364
1160000 1.07141722667975 0.00851791026782185
1170000 1.04631776228889 0.0103890195240779
1180000 1.01345037574252 0.0558791910784738
1190000 0.961821257147602 0.0192350864772258
1200000 0.942287531558836 0.0146251764110072
1210000 1.13307349094764 0.000329488803067086
1220000 0.997141682023408 0.00245056200828539
1230000 0.957592639067179 0.0165291243030077
1240000 0.965084967552171 0.00356408753656385
1250000 0.98856920911287 0.00479826931854021
1260000 1.03278481523653 0.00151084992750468
1270000 0.947751891134617 0.0196291570012576
1280000 1.09586415813116 0.00309784482818866
1290000 1.11009421740272 0.00742071802126483
1300000 1.01887204553881 0.00415750549765598
