# Fix print output for fix mythermofile
2340000 0.93288728197631 0
2350000 1.07195750965644 0
2360000 0.944061712895209 0
2370000 0.966515626553094 0
2380000 0.988613272166528 0
2390000 0.975382398440129 0
2400000 1.12148055381322 0
2410000 1.04095975446916 0
2420000 1.03736958293164 0
2430000 0.986845224459526 0
2440000 0.890542888810596 0
2450000 0.943245669976616 0
2460000 0.979761506214707 0
2470000 1.08874363149232 0
2480000 0.975364984497558 0
2490000 0.963771037647023 0
2500000 0.910292193089316 0
2510000 0.856239708725397 0
2520000 1.01161646610601 0
2530000 1.10509458710929 0
2540000 1.05455237676268 0
2550000 0.872702201876788 0
2560000 1.03149384596603 0
2570000 1.05791779800843 0
2580000 0.958059379626106 0
2590000 0.982136368051929 0
2600000 0.968031569499174 0
2610000 0.974778176308356 0
2620000 1.05077986078108 0
2630000 1.03754168179731 0
2640000 0.966704423074457 0
2650000 0.963956446875095 0
2660000 1.05276241419804 0
2670000 0.966682343545175 0
2680000 0.947460155193987 0
2690000 0.987322081595912 0
2700000 0.93165709381023 0
2710000 1.05612585305463 0
2720000 0.990542205657068 0
2730000 1.05091674273526 0
2740000 0.904499888190205 0
2750000 1.09250383498738 0
2760000 1.00073227706849 0
2770000 0.913506746950658 0
2780000 0.942215522360565 0
2790000 1.03152504760709 0
2800000 1.00991444804795 0
2810000 0.991058815807913 0
2820000 1.03676169230402 0
2830000 0.910975163751404 0
2840000 0.960731497549583 0
