# Fix print output for fix myRG2file
2370000 16.9412654483064
2380000 17.2359443451614
2390000 16.1876349930913
2400000 16.9321393773758
2410000 16.5736006552949
2420000 16.8686168905639
2430000 16.621821063569
2440000 17.0589912256946
2450000 16.7525177983516
2460000 16.9836592759364
2470000 16.7811803872778
2480000 16.7222282849558
2490000 16.9888285090138
2500000 16.5966697692034
2510000 15.6386790799587
2520000 15.0320373952245
2530000 16.6449159036825
2540000 17.1989811160834
2550000 16.7345459806157
2560000 17.0268942768919
2570000 16.5914389254219
2580000 16.3272343931302
2590000 16.0967180578157
2600000 15.6058434626546
2610000 16.1961505895952
2620000 16.4022223086826
