# Fix print output for fix myRG2file
2500000 13.1986548158227
2510000 14.1541184828757
2520000 14.9033124231174
2530000 15.5452601768275
2540000 15.1911195481773
2550000 14.1121923056916
2560000 15.0405749355749
2570000 12.7262503261328
2580000 14.7199288265714
2590000 14.1070742480053
2600000 13.9229487072963
2610000 15.1205857798878
2620000 12.7990983339683
2630000 13.7711170545896
2640000 13.890018548595
2650000 12.9863282674222
2660000 14.2434585482505
2670000 14.5415927575071
2680000 15.6257252860835
2690000 15.3419944941973
2700000 15.4296462114121
2710000 13.7534162450364
2720000 12.9524416974247
2730000 13.8574227412014
2740000 13.0703624284171
2750000 15.498895080915
2760000 14.572585830537
2770000 15.4060539389095
2780000 15.3202466070557
2790000 14.53760486162
2800000 13.8686626628097
2810000 14.4887680984005
2820000 14.4209818399699
2830000 15.2525345110823
2840000 14.0481150730517
2850000 15.3881929493907
2860000 15.7099576676265
2870000 15.656974780505
2880000 14.8501207922891
2890000 13.8487326116428
2900000 14.0129348275533
2910000 15.1509955726663
2920000 16.2215563566224
2930000 14.7813550873761
2940000 14.4178310924258
2950000 15.7446416209463
2960000 15.201782223286
2970000 15.2367924891222
2980000 14.75525475442
2990000 14.0025194312227
3000000 14.0152084294707
