# Fix print output for fix myRG2file
2110000 15.7672677788721
2120000 15.6525653628154
2130000 15.9311790843096
2140000 15.9633968798014
2150000 16.4431476413117
2160000 15.9706374549558
2170000 15.6151258990688
2180000 15.8156075756923
2190000 15.4765567112598
2200000 14.1398240422167
2210000 15.0195579605461
2220000 14.4745837647411
2230000 14.0937413862819
2240000 15.8580207350871
2250000 16.6843690841335
2260000 16.3526613373887
2270000 15.9455755753617
2280000 16.6398383924717
2290000 15.9872096922357
2300000 15.0737456438446
2310000 16.204541330411
2320000 14.0858036964255
2330000 15.1778945635729
2340000 15.4898936415745
2350000 15.2492022080938
2360000 15.995408533082
