# Fix print output for fix myRG2file
2240000 11.8366377079867
2250000 9.9604305470943
2260000 8.64048901582737
2270000 9.06616254351043
2280000 7.69226384275173
2290000 8.98704668628892
2300000 9.8702236764842
2310000 10.9127706101965
2320000 10.8442862068702
2330000 11.6587685671826
2340000 12.0720169533123
2350000 11.4292300802527
2360000 10.9871114710358
2370000 12.3964284397804
2380000 13.4980219149589
2390000 13.6507504496531
2400000 11.6749706158152
2410000 9.44845274479372
2420000 10.5287017530357
2430000 10.4074565178516
2440000 9.40202128467456
2450000 9.27505831812636
2460000 8.38124607302656
2470000 9.02887622903135
2480000 10.6859917419965
2490000 9.87795910449658
2500000 10.5758861724179
2510000 9.69821129681071
2520000 10.5644397107353
2530000 9.0501984574345
2540000 9.43811133939923
2550000 10.9022640340315
2560000 12.0589241645005
2570000 12.9518327014828
2580000 11.2207436092318
2590000 12.497830148796
2600000 10.9624349844378
2610000 12.4786348770402
2620000 11.3579575163261
2630000 10.4986534163104
2640000 11.7732072959595
2650000 11.742011880577
2660000 9.35200283869386
2670000 8.90339926814963
2680000 10.4723626740195
2690000 10.498550274417
2700000 11.3937596860269
2710000 10.1747772575351
2720000 10.3068002010131
2730000 9.30626637326444
2740000 9.4023682512565
