# Fix print output for fix myRG2file
1330000 8.32692753203349
1340000 7.56550814840404
1350000 8.91607692272094
1360000 8.28033061367416
1370000 10.3084623393165
1380000 8.3827200777922
1390000 12.0333659373641
1400000 10.3561969022039
1410000 9.59492120517291
1420000 8.61192579592307
1430000 7.04783041766504
1440000 8.45483651878292
1450000 7.4340331710126
1460000 9.24002302310763
1470000 8.82908062418481
1480000 8.19035551101984
1490000 7.15728050542851
1500000 7.83681731208231
1510000 8.42982899128156
1520000 7.98396096764762
1530000 8.30692490150361
1540000 10.0919389236245
1550000 10.1943779951654
1560000 9.40060414550014
1570000 9.87846519606838
1580000 13.0623722864824
