# Fix print output for fix mythermofile
2500000 1.01433847314977 0
2510000 0.977874999131241 0
2520000 0.94907562571703 0
2530000 0.936131009362726 0
2540000 0.999333005298025 0
2550000 1.0931729161242 0
2560000 1.02779283697916 0
2570000 0.957752330267632 0
2580000 1.10141251789886 0
2590000 0.957888322522146 0
2600000 1.08765140660002 0
2610000 1.00400287094126 0
2620000 0.95758142181309 0
2630000 1.13021359503261 0
2640000 1.00340839009296 0
2650000 1.22095535158079 0
2660000 1.06916481117626 0
2670000 0.984469381925045 0
2680000 1.03674810001571 0
2690000 1.12802717708695 0
2700000 0.955981360798466 0
2710000 1.13565845534764 0
2720000 1.13651658175777 0
2730000 0.90923453132835 0
2740000 0.886252078908741 0
2750000 1.07882526242358 0
2760000 1.23269776360473 0
2770000 1.13593527496107 0
2780000 0.913766672213549 0
2790000 1.03866000295202 0
2800000 1.1595826660594 0
2810000 0.957218662146242 0
2820000 0.968772618847299 0
2830000 1.10244336687337 0
2840000 1.07843002808253 0
2850000 1.26320034634714 0
2860000 0.873606699219724 0
2870000 0.911421810984807 0
2880000 0.997545602610744 0
2890000 0.994052627640591 0
2900000 1.005030925611 0
2910000 0.993438886629666 0
2920000 1.15208350559828 0
2930000 1.03772888999658 0
2940000 1.05333962962557 0
2950000 1.1374545934408 0
2960000 1.08270114172712 0
2970000 0.964553125862912 0
2980000 0.945501110373709 0
2990000 0.923137552094817 0
3000000 0.970512623669331 0
