# Fix print output for fix mythermofile
2220000 1.10125978249431 0
2230000 1.09237553078031 0
2240000 1.03788438211857 0
2250000 1.04559512378899 0
2260000 1.06747324875974 3.45431085511591e-06
2270000 0.986115490028487 0
2280000 0.921462025527945 0
2290000 1.1713550478972 0
2300000 0.957768936014341 0
2310000 0.827020670457359 0
2320000 0.949645131012713 0
2330000 1.10829127489839 0
2340000 1.01440658084858 0
2350000 0.9043853456622 0
2360000 1.02496259258742 0
2370000 1.12757098483913 0.0125853840951538
2380000 1.2156395848657 0
2390000 1.20346886371444 0
2400000 1.00875547682573 0
2410000 1.01700801550454 0
2420000 0.923858879446807 0
2430000 1.03199393942644 0
2440000 1.10129395026953 0
2450000 1.10160626866859 0
2460000 1.08936481330493 0
2470000 1.18596164239301 0
2480000 1.10151255597049 0
2490000 0.995553812449012 0
2500000 1.06086047070617 0
2510000 0.916094411157858 0
2520000 1.18385354583942 0
2530000 0.837461577930377 0
2540000 1.12745440425682 0
2550000 1.06619602418375 0
2560000 1.0340456264922 0
2570000 0.981499827618521 0
2580000 1.11255253675344 0
2590000 0.915405497022691 6.50629484387089e-05
2600000 1.01720379234637 0
2610000 1.05279313513761 0
2620000 1.04760295731707 0
2630000 1.11847187203021 0
2640000 0.980065561739997 0
2650000 0.997410111635301 0.000754613087710618
2660000 1.05627397848137 0
2670000 1.09393223795951 0
2680000 1.04733693272496 0
2690000 0.907554642219943 0.000414123661057458
2700000 1.02616321271034 0.000732894013653637
2710000 1.11498952192085 0
2720000 0.924996941320274 0
