# Fix print output for fix mythermofile
3260000 0.953007126334155 0
3270000 0.938018641906033 0
3280000 1.04942902123186 0
3290000 0.936849991957217 0
3300000 1.10380564621377 0
3310000 1.03847927191565 0
3320000 0.872617640498538 0
3330000 0.943081092720321 0
3340000 1.01348869475982 0
3350000 0.927554419123326 0
3360000 1.13061305238819 0
3370000 0.941817694157902 0
3380000 0.907431194092849 0
3390000 1.10355398502795 0
3400000 1.02795317067726 0
3410000 0.997797495194461 0
3420000 1.19962370833099 0
3430000 0.853963572908171 0
3440000 1.18749713384953 0
3450000 1.0937524861282 0
3460000 1.01487558541827 0
3470000 1.01864074748496 0
3480000 1.14999268676177 0
3490000 1.18381196923956 0
3500000 0.949654548292698 0
3510000 0.994417703032144 0
3520000 0.999293731667704 0
3530000 1.09885011903654 0
3540000 0.982468792445455 0
3550000 0.996783279705333 0
3560000 1.12670616671026 0
3570000 1.19935022249741 0
3580000 1.00820514448498 0
3590000 0.932204666560907 0
3600000 1.04049777063061 0
3610000 1.11881196433861 0
3620000 0.902946209503956 0
3630000 0.844725800376383 0
3640000 1.0480606941558 0
3650000 1.10012074171914 0
3660000 0.881691683014925 0
3670000 0.881073589972137 0
3680000 1.11326003932549 0
3690000 0.897057988334921 0
3700000 0.902222435696724 0
3710000 1.07548833543986 0
3720000 0.977734809026217 0
3730000 0.857217745640246 0
3740000 0.93282722641115 0
3750000 1.01311812252753 0
3760000 1.09677420485804 0
