# Fix print output for fix mythermofile
810000 1.30423284328616 0.00370749847550612
820000 1.01548122310396 0.00572865611990327
830000 1.07165276150113 0
840000 1.08738402521586 0.0014557562360617
850000 1.01430767912907 0.002478701956666
860000 0.858237445624334 4.79665655819805e-06
870000 1.07753316054391 0
880000 1.19017099948312 0.0232031866585783
890000 1.21828126179848 0.00481652284309283
900000 0.886261964897361 0.0108387673032075
910000 1.02786735170836 0.000384436702429375
920000 1.1246410622437 0.00385053668127392
930000 1.09708424612404 0.00246397701268554
940000 0.954524702169696 0.0162522570361929
950000 1.00656767413965 0
960000 0.861969162978972 0.00985118258539276
970000 0.825158280810644 0.0205870020980181
980000 1.21113314471969 0
990000 1.20508943862481 0
1000000 0.924075454933055 0
1010000 1.23060163613484 0
1020000 1.01690571467202 2.19142314265633e-05
1030000 1.05413603090271 0.000733516790310541
1040000 0.986214159059719 0.000154899041693976
1050000 0.974229956917937 0.00012123956860597
1060000 0.856456481266507 0.00889840379914286
