# Fix print output for fix mythermofile
30000 0.875569761218976 0.0262992568276509
40000 0.960076178051875 0.010600457901953
50000 0.956408508115909 0.0145363316841445
60000 1.10881832881493 1.52046368273751e-05
70000 0.874635600182426 0.0175605119226166
80000 0.96823456458246 0.000691889874178927
90000 1.14044973122884 0.0163121676111998
100000 1.00431421052654 0.00539456080128668
110000 0.9528134552558 0.00563492265210222
120000 1.17599752336617 0.0244723417946702
130000 0.9826407665185 0.034210027174555
140000 0.946568708478237 0.0128681817419647
150000 1.26594352160084 0.00119587134445333
160000 0.909528283676638 0.0142870931103649
170000 1.09633585137926 0.00615071863855876
180000 1.01459130896625 0.0281301566605559
190000 0.927646081047252 0.0184288879402329
200000 0.997658523884135 0.0600695397686931
210000 1.0455771580499 0.0452495547055703
220000 0.899734935438184 0.00755320035227579
230000 0.976386204924081 0.0683266484822284
240000 1.11373074640168 0.00941056342849964
250000 1.05657922173962 0.0166221558947215
260000 0.963297969021756 0.0156687157633396
270000 1.13449386575898 0.0706552251057149
280000 1.08003380317837 0.000945010625603536
