# Fix print output for fix mythermofile
550000 0.937225319566101 0.0104833631491868
560000 1.09807135315798 0.000534894102791702
570000 0.94400872828959 0.00641636945803639
580000 0.832069813718722 0.0163709655415212
590000 0.911164833881198 0.00236942282100233
600000 1.13399396325605 0
610000 1.0619235146213 0.000217912055518642
620000 0.965586169407261 0.00620893965279436
630000 1.05976555453724 0.00181241375791683
640000 0.841961853131297 0.00127646183827994
650000 1.09473411152202 0.00295829986724454
660000 1.01635482888855 0.00329943166092147
670000 1.25687487659131 0
680000 1.03794030470923 0.000564027721524292
690000 1.03795392929062 0
700000 0.902146518078274 0.000657222092881127
710000 1.07542953209389 0.0184876732170528
720000 1.09787348944575 0.0250603231650085
730000 1.14832531033511 0.000419287604504024
740000 1.09449108582203 0.043368385421879
750000 1.02979435822049 0.012698176912084
760000 1.08072721530846 0.00555558285673866
770000 0.915015815021004 0
780000 0.854576543964481 0.0428170218095245
790000 0.936842135302354 0.000983682664904303
800000 1.08213741646999 4.1707906484811e-05
