# Fix print output for fix myRG2file
1070000 19.6690949987897
1080000 19.802476505569
1090000 19.8772711674682
1100000 20.3460450947185
1110000 19.8366943293885
1120000 18.0365205877025
1130000 18.9917614267585
1140000 19.1346262721058
1150000 19.0692832784381
1160000 19.0014651642268
1170000 18.6524615814517
1180000 18.3089016843512
1190000 17.8379529034201
1200000 18.2738731904965
1210000 18.5738892939661
1220000 18.1823136683907
1230000 18.2637282935717
1240000 18.7638336079031
1250000 19.6552971216669
1260000 21.9735323452482
1270000 22.6020070946511
1280000 24.3060954718388
1290000 26.0280192386175
1300000 26.309229836027
1310000 27.4905994796752
1320000 27.4686029885994
