# Fix print output for fix mythermofile
1320000 1.02319215987455 0.00138556421002856
1330000 0.988390877599797 0
1340000 1.06322506436307 0.00385490942876846
1350000 1.09376199818024 0.000819094906004318
1360000 0.9849733028085 0
1370000 1.00149002451164 1.92897305281237e-06
1380000 1.0195990462379 0
1390000 0.959456948831011 0
1400000 1.05848656385988 0.000428932047481547
1410000 1.02870538760565 0
1420000 1.03063408769069 0
1430000 0.98322842511804 0.000289446651992209
1440000 1.00429467049485 5.37310377591751e-05
1450000 1.00693758851266 9.66018982612778e-06
1460000 0.968019071297056 0.000364514832477895
1470000 0.935694344293712 0
1480000 0.978390570536217 0
1490000 1.06368344328147 0
1500000 0.953144822380392 0.00186227558783111
1510000 1.02120470742654 0.000180155388318535
1520000 0.92233649578199 0
1530000 0.951318185153363 0.00184593493597547
1540000 1.00004389370991 0.00117495284941001
1550000 0.976170679295414 0.000176338774018302
1560000 1.00744833488505 0.00163151695399942
1570000 0.918223037819831 2.00727554803409e-08
1580000 0.996194726911414 0.00257166941838277
1590000 0.944584823037676 0
1600000 0.991880422326917 0
1610000 0.914749204285375 0.000757788006284953
1620000 1.06466887075282 0.000387734527459227
1630000 1.03566589390977 0.00852747228647477
1640000 0.999428786724698 0
1650000 0.962148707850131 5.89450057364403e-05
1660000 0.939603498815132 0.000943262586631977
1670000 0.998347815149871 0.00229464527275804
1680000 0.958497476545115 0
1690000 0.982708742832301 0.000982253015218673
1700000 1.03974502523283 0
1710000 0.971860592092577 0
1720000 1.08738555101562 0.000213764524306683
1730000 0.952517786234334 0
1740000 0.976485993386511 0.000551311809950101
1750000 0.929076197099691 0.00205064479366947
1760000 1.05058117542178 0
1770000 0.957038903939715 0.000519466506262519
1780000 1.04008921650644 0
1790000 1.00692400059409 0
1800000 1.06259570222709 0
1810000 0.978397003212712 0
1820000 0.980616432923929 0
