# Fix print output for fix mythermofile
550000 0.995331981487215 0.00868789375786436
560000 0.975273559119049 0.0206305248546663
570000 1.0457056916446 0.0176534093700305
580000 1.02742163968082 0.0127248914114498
590000 0.995359815647438 0.00666848838036235
600000 0.983738960888125 0.00779965313711289
610000 0.997452176955055 0.0126830817235165
620000 1.04448488103733 0.00466718680933313
630000 0.962800972578021 0.00410555115796196
640000 1.11214961987502 0.00834254793843145
650000 0.938039710607449 0.00904298103913873
660000 1.04422974080478 0.0139548180827104
670000 0.919044164686086 0.0176921938746131
680000 0.995788814499878 0.0220704008246062
690000 1.02408452746976 0.0022544201679158
700000 0.985603859063585 0.00272927699727195
710000 0.986759763905519 0.00873545984314401
720000 1.03470197966795 0.00444677890362532
730000 0.987718976100038 0.0277603865971358
740000 0.94074241651817 0.00870026966875941
750000 0.966892440900363 0.00211908763829476
760000 0.962315297118256 0.00167535222714658
770000 1.06145185539022 0.00794886618930569
780000 0.959942607550083 0.0127610183465904
790000 1.03770186284636 0.00120677849900531
800000 1.0346442087993 0.00243487567322723
