# Fix print output for fix mythermofile
1850000 1.00161075717932 0.000170965308062807
1860000 0.942544782396404 0
1870000 0.944864642040442 0
1880000 1.00292648510671 0
1890000 0.988368518583283 0
1900000 0.955458996360714 0
1910000 0.966754154721286 0
1920000 1.11816693055109 0
1930000 0.964855179060477 0
1940000 1.02133432403302 0
1950000 1.0310950470057 0
1960000 0.967004894775479 0
1970000 0.93378879354266 0
1980000 0.95159435645743 0
1990000 1.02863058771714 0
2000000 0.99273052585973 0
2010000 1.03075222221307 0
2020000 0.990512784561005 0
2030000 0.99010328569553 0
2040000 1.00392112433902 0
2050000 0.875164353391453 0
2060000 0.950623844482895 0
2070000 1.02090102586219 0
2080000 1.00776282918394 0
2090000 1.10334161891622 0
2100000 0.99871132567566 0
