# Fix print output for fix mythermofile
290000 0.985693921109418 0.00832336997881621
300000 0.991402406522531 0.0181591517789725
310000 0.971369982125621 0.00692966736859772
320000 1.03227862605316 0.00608898372740804
330000 0.974382072746013 0.0148082484403621
340000 1.05719173007494 0.00798747950857336
350000 1.02304363387936 0.00606492248895642
360000 1.09719499876583 0.00458665270637648
370000 1.049944378527 0.00601466836167182
380000 0.975427375312515 0.0319891311134959
390000 0.977821944358661 0.00649928431660551
400000 0.959862151646836 0.0122345894393397
410000 0.999120688182222 0.025741234180194
420000 1.06659577294123 0.0218013238219722
430000 0.897455192778006 0.0152821600071667
440000 1.10087553403779 0.0201671534223633
450000 1.01859459595658 0.0176820844027212
460000 0.97895049100579 0.0263826139993033
470000 1.02654540629376 0.0154327475452702
480000 1.0275759061717 0.0173295323955771
490000 0.929309189877519 0.0166288712876091
500000 1.05635992979841 0.00465555994810211
510000 1.023260761534 0.0119204087585223
520000 1.11465899693141 0.0182012449151872
530000 1.00161632545643 0.0233125454333039
540000 0.989613559706564 0.0206331646044326
