# Fix print output for fix mythermofile
2360000 1.08764247027766 0
2370000 0.988090388857331 0
2380000 0.975439090295672 0
2390000 1.10123316790846 0
2400000 1.04720522057163 0
2410000 0.92899026924097 0
2420000 1.00161667975203 0
2430000 0.933395025357199 0
2440000 0.962811205241747 0
2450000 1.00007111696987 0
2460000 1.02075755737441 0
2470000 1.01774778615898 0
2480000 1.0418373660026 0
2490000 0.998735894842376 0
2500000 1.05079806718999 0
2510000 1.02147466111871 0
2520000 0.883223413365992 0
2530000 1.03155949431335 0
2540000 1.0289621908999 0
2550000 1.00570629909961 0
2560000 1.03302884473445 0
2570000 0.970357085034754 0
2580000 0.955531499852946 0
2590000 0.963021287846366 0
2600000 1.10481280459034 0
2610000 1.01351084956701 0
2620000 0.968346706739941 0
2630000 0.961980882469964 0
2640000 1.10209352768447 0
2650000 0.970462143495513 0
2660000 0.9620448336274 0
2670000 1.0154089939211 0
2680000 1.00798496744596 0
2690000 0.996309876947602 0
2700000 0.943360078108728 0
2710000 1.07959107434032 0
2720000 1.02172024401564 0
2730000 1.05647917908967 0
2740000 0.951506296361353 0
2750000 0.924626615669246 0
2760000 0.973622166483612 0
2770000 1.00763987646168 0
2780000 1.05427636063415 0
2790000 1.0050522269779 0
2800000 1.00465988034717 0
2810000 1.0049331988331 0
2820000 1.01146592065837 0
2830000 1.12712029345457 0
2840000 1.01985951763588 0
2850000 0.993994669953822 0
2860000 1.05119279134444 0
