# Fix print output for fix myRG2file
810000 4.84960719461711
820000 3.58715225453703
830000 3.34752142691514
840000 4.3084738766225
850000 4.63093405959708
860000 4.85635872036098
870000 4.31273621355857
880000 4.442802028509
890000 4.12390120901473
900000 4.61977493543598
910000 3.38452567139038
920000 4.37184732496534
930000 5.43369533711227
940000 3.2638402086376
950000 4.07838408558347
960000 4.78895462336756
970000 3.23753253657985
980000 4.41603903091211
990000 5.75770258202569
1000000 4.36122849403557
1010000 6.38979763451374
1020000 3.39351776913184
1030000 3.79427568048677
1040000 3.54463966756198
1050000 4.0098746545636
1060000 3.75721486408924
