# Fix print output for fix myRG2file
3700000 8.39003696980558
3710000 8.22807523769849
3720000 8.63426462648756
3730000 8.09818309130613
3740000 8.19048964249903
3750000 8.01690528167926
3760000 8.3895649957138
3770000 8.53697597756112
3780000 8.37053653707493
3790000 8.61801153023267
3800000 8.04965526095402
3810000 8.28823729215092
3820000 8.49062966896532
3830000 8.52403878925754
3840000 8.35744045510256
3850000 7.59745660733705
3860000 8.51069717697378
3870000 8.44490347535019
3880000 8.37968871644222
3890000 8.51679604958574
3900000 8.59948010105217
3910000 7.46318800499718
3920000 8.447158702437
3930000 8.31149967763797
3940000 8.15909700969896
3950000 7.79333024052453
3960000 8.04933424686928
3970000 8.5479587819506
3980000 8.67119196745734
3990000 8.34524542104931
4000000 8.2750934119078
4010000 8.47499663973363
4020000 7.99718438072822
4030000 8.52800151232313
4040000 8.25976800867204
4050000 8.23513530416233
4060000 8.1486091680424
4070000 8.4017551962746
4080000 8.53708583695477
4090000 8.40396721780891
4100000 8.16194967227013
4110000 8.33796037675955
4120000 8.52888005811858
4130000 8.44708956226131
4140000 8.30063371211515
4150000 7.90054559324629
4160000 8.02475000884259
4170000 8.54170425381796
4180000 8.4401843848792
4190000 7.93098169217394
4200000 8.28831539959737
