# Fix print output for fix mythermofile
1330000 1.14489705578622 0
1340000 0.956878405003676 0
1350000 0.888471630792129 0
1360000 0.879877329583104 0
1370000 0.929008430331802 0
1380000 0.985964407402896 0
1390000 1.08396740149795 0
1400000 0.971288440294206 0
1410000 0.854197386072459 0
1420000 1.13655272750448 0
1430000 1.11726970283407 0
1440000 1.1145845302594 0
1450000 1.24232318359951 0
1460000 0.996550244564539 0
1470000 0.9212218054951 0
1480000 0.937244918881159 0
1490000 0.881100285717303 0
1500000 0.925700696669379 0
1510000 1.0705537129274 0
1520000 0.843809274341157 0
1530000 1.01130859449975 0
1540000 0.903148902113243 0
1550000 1.31622383143658 0
1560000 0.91477093122021 0
1570000 0.97015977175354 0
1580000 0.985404761847609 0
