# Fix print output for fix mythermofile
3960000 0.932222032553711 0
3970000 0.754757565182552 0
3980000 1.19106428200003 0
3990000 1.15570657670341 0
4000000 1.12972439992838 0
4010000 1.12454826064431 0
4020000 1.07836803885841 0
4030000 1.04118010141225 0
4040000 0.787924732139267 0
4050000 1.00172108193496 0
4060000 0.710102049374332 0
4070000 1.04582024807161 0
4080000 1.18215432190313 0
4090000 0.869448089486157 0
4100000 0.761156024188708 0
4110000 0.958353931467898 0
4120000 0.949793671585376 0
4130000 1.11834896430619 0
4140000 1.3537681501028 0
4150000 1.04025662969229 0
4160000 1.07089989038348 0
4170000 1.15219406953273 0
4180000 1.03938281459186 0
4190000 0.810263629242462 0
4200000 0.780853505156611 0
4210000 0.756333477400467 0
4220000 1.3936960635841 0
4230000 1.03779672683033 0
4240000 1.01529516753938 0
4250000 1.15344537644534 0
4260000 0.894592345596479 0
4270000 0.810844692320408 0
4280000 1.25694784290688 0
4290000 0.932399146316727 0
4300000 1.17577202125373 0
4310000 1.05688566769757 0
4320000 1.2686514069649 0
4330000 1.09925145026705 0
4340000 1.11072494431955 0
4350000 0.805876817681818 0
4360000 1.20800324972714 0
4370000 0.908649357286243 0
4380000 1.07954745921028 0
4390000 0.891972543905859 0
4400000 1.28610216631101 0
4410000 1.2067433912346 0
4420000 0.945068562098203 0
4430000 0.900429772045561 0
4440000 0.978829210034801 0
4450000 0.810219217067555 0
4460000 0.977876850698628 0
