# Fix print output for fix mythermofile
1850000 1.07897265375499 0
1860000 1.15025345802767 0
1870000 1.1951575910336 0
1880000 1.06509685349644 0
1890000 1.2245130649836 0
1900000 1.0758735833694 0
1910000 1.20394080983776 0
1920000 1.14369378693011 0
1930000 1.04733847325884 0
1940000 1.26891432713961 0
1950000 1.07807960737499 0
1960000 1.3140004685408 0
1970000 1.14140038144495 0
1980000 0.903944005031991 0
1990000 0.962479253107601 0
2000000 0.944221755664441 0
2010000 0.780310342532218 0
2020000 0.950071275430146 0
2030000 0.906243028618209 0
2040000 0.772363454582192 0
2050000 0.849908065796626 0
2060000 1.18751776419945 0
2070000 1.25507659576017 0
2080000 1.13958871874258 0
2090000 0.94527730826179 0
2100000 1.14355947829527 0
