# Fix print output for fix mythermofile
810000 1.30278024296058 0.0233862451284257
820000 1.22417044474044 0
830000 0.932398431722809 0.0431822241929095
840000 0.823474264312676 0
850000 1.19572627286392 0
860000 1.17667786754727 0
870000 0.905935779766107 0.000355946873101358
880000 1.1252484233577 0
890000 0.832350043592921 0
900000 0.933745901100046 0
910000 1.30400900695217 0
920000 1.02314941522406 0
930000 0.797820627130818 0.00973080350572134
940000 0.834437480830416 0
950000 1.35943996492065 0.00152114104379979
960000 1.19461333910617 0
970000 1.07150599075368 0.0260869175024606
980000 1.05154320897492 0
990000 1.03517081275422 0
1000000 1.1253314833552 0.000335849901695696
1010000 1.01422975117868 0.00593980745776196
1020000 1.09659645872629 0
1030000 0.943889148327717 0
1040000 1.18891673954034 0
1050000 0.891066154372882 0
1060000 1.00002480547271 0
