# Fix print output for fix mythermofile
1070000 1.30148041289512 0
1080000 0.99899643312589 0
1090000 0.931598203413711 0
1100000 0.966900495530543 0
1110000 0.813336577063258 0
1120000 0.947555404851313 0
1130000 1.13983164068838 0
1140000 0.796751474715383 0
1150000 0.806551599372192 0
1160000 0.985222592533084 0
1170000 0.982327115527034 0
1180000 1.00003201298113 0
1190000 1.0698923623478 0
1200000 1.17974123698068 0
1210000 1.10629799605382 0
1220000 1.03840633518847 0
1230000 1.12133803281229 0
1240000 1.0578272872403 0
1250000 0.945477190089762 0
1260000 0.899323280989215 0
1270000 1.3341149928526 0
1280000 1.07846611601486 0
1290000 0.959123141188112 0
1300000 1.04084230572272 0.0398463401962498
1310000 1.23544434263321 0
1320000 0.75257396887172 0
