# Fix print output for fix mythermofile
550000 0.909859992370983 0.0427760376926534
560000 0.998790427594057 0
570000 1.17762936949742 0
580000 1.08934656212204 0.0014549094205267
590000 0.972563691720142 1.28233544125951e-05
600000 0.957595405546396 0
610000 1.14698212320658 0.00107130541040193
620000 0.948433800680997 0
630000 1.23184120356748 0
640000 1.06875742106835 0.00447583164807708
650000 0.7440185589859 0.0026774633456308
660000 0.943549008981336 0.00996001910562727
670000 1.2695659236523 0.000249343161000528
680000 0.914941205475402 0
690000 0.853339580522679 0.031300783636123
700000 1.09860157670254 0
710000 0.97620440309181 0.0126219596183963
720000 1.14789107492963 0.00049311728308991
730000 1.05583216998418 0.024152590933088
740000 1.01522050592196 0.0216049028702404
750000 1.15263997205963 0
760000 0.837640619825886 0.00497962125750813
770000 0.931052026082543 0
780000 0.97255777812035 0.000263783765150991
790000 0.768074883429057 0
800000 0.927280628921844 0.00284280166159301
