# Fix print output for fix mythermofile
1590000 1.27174808318664 0
1600000 0.905098803159885 0
1610000 0.79496594887529 0
1620000 0.757775336912393 0
1630000 1.06325364415243 0
1640000 1.13346029821807 0
1650000 0.948225062034174 0
1660000 1.14406611183349 0
1670000 0.829085424927704 0
1680000 0.896852932195851 0
1690000 0.832158651080553 0
1700000 1.21605471633716 0
1710000 0.844804483180038 0
1720000 0.770643687782339 0
1730000 1.17586770476306 0
1740000 1.27935271452999 0
1750000 0.975608110056972 0
1760000 0.932133067194203 0
1770000 0.945775149654351 0
1780000 1.36280591360061 0
1790000 1.03002809534558 0
1800000 0.896374096168981 0
1810000 0.805646202842333 0
1820000 1.1834274796903 0
1830000 1.0387562567764 0
1840000 1.00612370373945 0
